0, 1365, 0.08968810817077658
0, 1366, 4.796805231460889
0, 1367, 4.799707527669794
0, 1368, 4.803006518680506
0, 1369, 4.804682918215301
0, 1370, 4.8020753803101135
0, 1371, 4.806297714576967
0, 1372, 4.79928190709691
0, 1373, 4.804691943313573
0, 1374, 4.805852264488047
0, 1375, 4.810800389280665
0, 1376, 4.811567903459525
0, 1377, 4.810711014374053
0, 1378, 4.815320064437952
0, 1379, 4.809511824685681
0, 1380, 4.81568106382973
0, 1381, 4.816673271586625
0, 1382, 4.823824863303741
0, 1383, 4.823726156598857
0, 1384, 4.824027561347346
0, 1385, 4.827349600944245
0, 1386, 4.821370411796865
0, 1387, 4.825908992157825
0, 1388, 4.825033531582051
0, 1389, 4.832544771378615
0, 1390, 4.830720807171575
0, 1391, 4.831987002672167
0, 1392, 4.834296354071631
0, 1393, 4.829684356584944
0, 1394, 4.833960132531182
0, 1395, 4.833474993203263
0, 1396, 4.842982628557415
0, 1397, 4.841374373039885
0, 1398, 4.844774745271613
0, 1399, 4.8464980163210445
0, 1400, 4.843358531683911
0, 1401, 4.846167716410588
0, 1402, 4.844860515264697
0, 1403, 4.854003585913763
0, 1404, 4.850893356161669
0, 1405, 4.854447418964218
0, 1406, 4.854138202769457
0, 1407, 4.85190559702365
0, 1408, 4.852974512376685
0, 1409, 4.851820114807764
0, 1410, 4.8615082208909435
0, 1411, 4.859020833426194
0, 1412, 4.8645165485475355
0, 1413, 4.864173545665162
0, 1414, 4.864534395096316
0, 1415, 4.8647992100572806
0, 1416, 4.8644085909276775
0, 1417, 4.873752431558705
0, 1418, 4.8711570423829516
0, 1419, 4.8766354400296885
0, 1420, 4.874469456648131
0, 1421, 4.875427124563796
0, 1422, 4.873119296105031
0, 1423, 4.872441609458096
0, 1424, 4.880436537126085
0, 1425, 4.878260118445789
0, 1426, 4.88429124711868
0, 1427, 4.8820041803188765
0, 1428, 4.885309227746622
0, 1429, 4.882504179497444
0, 1430, 4.883531974550694
0, 1431, 4.891278511204151
0, 1432, 4.890701404941917
0, 1433, 4.897045566656333
0, 1434, 4.894333263929706
0, 1435, 4.898475253306092
0, 1436, 4.893633809876597
0, 1437, 4.894428783391222
0, 1438, 4.899686239288231
0, 1439, 4.899372568401481
0, 1440, 4.904623443262789
0, 1441, 4.901439177557642
0, 1442, 4.906511765032915
0, 1443, 4.900946390958345
0, 1444, 4.903080200979305
0, 1445, 4.907598572726114
0, 1446, 4.9097168722524405
0, 1447, 4.915328083899934
0, 1448, 4.9133054511223735
0, 1449, 4.919587771871308
0, 1450, 4.913598588590195
0, 1451, 4.916144197979307
0, 1452, 4.918425962707538
0, 1453, 4.921222354222634
0, 1454, 4.924943554210607
0, 1455, 4.922546922586441
0, 1456, 4.928187694299008
0, 1457, 4.9212951387323365
0, 1458, 4.923905293953266
0, 1459, 4.9245424714853225
0, 1460, 4.929249838392019
0, 1461, 4.932623137737736
0, 1462, 4.9320750829840065
0, 1463, 4.938624976253042
0, 1464, 4.932893039018881
0, 1465, 4.936453481534324
0, 1466, 4.936055655170352
0, 1467, 4.942236597386092
0, 1468, 4.944185999605229
0, 1469, 4.944137747632445
0, 1470, 4.949328299599992
0, 1471, 4.943231972830309
0, 1472, 4.945699989124991
0, 1473, 4.943164136934064
0, 1474, 4.9499306450050975
0, 1475, 4.950511091939741
0, 1476, 4.951860845370064
0, 1477, 4.956776117433036
0, 1478, 4.9524756579871525
0, 1479, 4.955537439375199
0, 1480, 4.953031447634896
0, 1481, 4.961578228763688
0, 1482, 4.96184310973954
0, 1483, 4.964845538645507
0, 1484, 4.9687528914914685
0, 1485, 4.9654251789493955
0, 1486, 4.9671523259256825
0, 1487, 4.963099055036566
0, 1488, 4.971101600714513
0, 1489, 4.96958987604618
0, 1490, 4.973050299000592
0, 1491, 4.975337829084932
0, 1492, 4.973483213451164
0, 1493, 4.974593445487787
0, 1494, 4.970839702749231
0, 1495, 4.979763992900754
0, 1496, 4.978685270082675
0, 1497, 4.984224078710555
0, 1498, 4.986210316664195
0, 1499, 4.986701138404539
0, 1500, 4.98707202980046
0, 1501, 4.983304977159766
0, 1502, 4.9913732761079
0, 1503, 4.989289510333201
0, 1504, 4.994710591615871
0, 1505, 4.994588566760044
0, 1506, 4.995951474132043
0, 1507, 4.994531023842472
0, 1508, 4.990778219077572
0, 1509, 4.9980434640368285
0, 1510, 4.996386973920917
0, 1511, 5.003035903160385
0, 1512, 5.0028473306285
0, 1513, 5.006910794085007
0, 1514, 5.005366289019301
0, 1515, 5.003080415179966
0, 1516, 5.009714842013037
0, 1517, 5.008641944234171
0, 1518, 5.015281800140911
0, 1519, 5.013811334175253
0, 1520, 5.018549102128398
0, 1521, 5.015049449270121
0, 1522, 5.012637207529889
0, 1523, 5.016957305724345
0, 1524, 5.0159898556871125
0, 1525, 5.022229983455371
0, 1526, 5.0203993731034835
0, 1527, 5.026831327425523
0, 1528, 5.023242857375349
0, 1529, 5.022706934138533
0, 1530, 5.026370568871269
0, 1531, 5.02728722063595
0, 1532, 5.033799074902479
0, 1533, 5.03227642368063
0, 1534, 5.039639514839552
0, 1535, 5.035197745173814
0, 1536, 5.034979350001089
0, 1537, 5.03600294002538
0, 1538, 5.03705310606199
0, 1539, 5.041859839407877
0, 1540, 5.039764255898084
0, 1541, 5.047123264463307
0, 1542, 5.042268546000417
0, 1543, 5.0431209670648585
0, 1544, 5.042896013065603
0, 1545, 5.045937018949797
0, 1546, 5.050721136618691
0, 1547, 5.050132420666305
0, 1548, 5.058464914466078
0, 1549, 5.054383339714908
0, 1550, 5.056284415333522
0, 1551, 5.054373162690171
0, 1552, 5.058151228640153
0, 1553, 5.0610718430264
0, 1554, 5.060358723048507
0, 1555, 5.067400864751841
0, 1556, 5.0629200355233674
0, 1557, 5.064639600144932
0, 1558, 5.06085626417773
0, 1559, 5.065604052930414
0, 1560, 5.06758471660974
0, 1561, 5.0684626234121986
0, 1562, 5.075698822184792
0, 1563, 5.07303933252589
0, 1564, 5.076005730786254
0, 1565, 5.071905833084166
0, 1566, 5.078026445367001
0, 1567, 5.079024112321797
0, 1568, 5.0808346779846385
0, 1569, 5.086588577743373
0, 1570, 5.084328156683647
0, 1571, 5.086388297912833
0, 1572, 5.0805556687170395
0, 1573, 5.086351211623153
0, 1574, 5.085614521522629
0, 1575, 5.088227993860139
0, 1576, 5.092824855141853
0, 1577, 5.092368239090141
0, 1578, 5.094893077213044
0, 1579, 5.089554668968897
0, 1580, 5.096534230629651
0, 1581, 5.095823233007046
0, 1582, 5.100236487216158
0, 1583, 5.1039772831755545
0, 1584, 5.10520247771603
0, 1585, 5.1070349538235345
0, 1586, 5.101156824818801
0, 1587, 5.107128827575942
0, 1588, 5.104824907225445
0, 1589, 5.1092009202492115
0, 1590, 5.110797447668304
0, 1591, 5.11313789640786
0, 1592, 5.11414984141668
0, 1593, 5.108799826508101
0, 1594, 5.114709760069778
0, 1595, 5.112791508027008
0, 1596, 5.118775785803098
0, 1597, 5.120067920084601
0, 1598, 5.124897927479347
0, 1599, 5.125877254799271
0, 1600, 5.121642015210369
0, 1601, 5.1266669859592024
0, 1602, 5.124368855565402
0, 1603, 5.130075944783963
0, 1604, 5.129393827766293
0, 1605, 5.13473906960645
0, 1606, 5.134098624071956
0, 1607, 5.130161997225713
0, 1608, 5.133550186692517
0, 1609, 5.131401298827543
0, 1610, 5.137429000657759
0, 1611, 5.136415760830104
0, 1612, 5.143817500370503
0, 1613, 5.143442917993733
0, 1614, 5.141661092893309
0, 1615, 5.144480350048329
0, 1616, 5.143475221727234
0, 1617, 5.149511085667665
0, 1618, 5.14782384101937
0, 1619, 5.155680535337967
0, 1620, 5.1540524887873325
0, 1621, 5.15269280951366
0, 1622, 5.153042995078799
0, 1623, 5.151971533388512
0, 1624, 5.156802128036997
0, 1625, 5.15449057911898
0, 1626, 5.162900826231482
0, 1627, 5.161250165166248
0, 1628, 5.161834266716269
0, 1629, 5.1614597555539135
0, 1630, 5.162281586572478
0, 1631, 5.1672153688213935
0, 1632, 5.165737278918613
0, 1633, 5.174776543393726
0, 1634, 5.173185513969088
0, 1635, 5.174787306828503
0, 1636, 5.172406845243544
0, 1637, 5.173469205002383
0, 1638, 5.176456865515272
0, 1639, 5.174443860309914
0, 1640, 5.1824234608759445
0, 1641, 5.180448595595699
0, 1642, 5.182861685422455
0, 1643, 5.179217181737316
0, 1644, 5.181704565347715
0, 1645, 5.184221519119651
0, 1646, 5.183732312452602
0, 1647, 5.1920204804453896
0, 1648, 5.191385772358603
0, 1649, 5.195309626000585
0, 1650, 5.190997354151264
0, 1651, 5.1944280311244695
0, 1652, 5.195434885579113
0, 1653, 5.195189723493595
0, 1654, 5.201661431752707
0, 1655, 5.200854115169813
0, 1656, 5.204460983753927
0, 1657, 5.198661241324973
0, 1658, 5.202333523322562
0, 1659, 5.2019869556366505
0, 1660, 5.202890191988859
0, 1661, 5.208615051092118
0, 1662, 5.209537973134361
0, 1663, 5.214333939590853
0, 1664, 5.2090717428078115
0, 1665, 5.214039029555405
0, 1666, 5.213238291389727
0, 1667, 5.215435894363853
0, 1668, 5.2196724898262445
0, 1669, 5.221349493777556
0, 1670, 5.225469593214832
0, 1671, 5.219390362830728
0, 1672, 5.223622311476172
0, 1673, 5.221105948297698
0, 1674, 5.223592895691731
0, 1675, 5.225913677685897
0, 1676, 5.228794075199724
0, 1677, 5.232948760976991
0, 1678, 5.227834355438871
0, 1679, 5.232739120493534
0, 1680, 5.230509590366706
0, 1681, 5.234715842791342
0, 1682, 5.236295884596352
0, 1683, 5.24094708407917
0, 1684, 5.244829401818291
0, 1685, 5.240342023248623
0, 1686, 5.244321679318617
0, 1687, 5.241048003149479
0, 1688, 5.244984416190926
0, 1689, 5.244269155503087
0, 1690, 5.249318809751626
0, 1691, 5.252019187625365
0, 1692, 5.248314076753957
0, 1693, 5.251601353373054
0, 1694, 5.2486529802541675
0, 1695, 5.25359708424458
0, 1696, 5.2525058965338065
0, 1697, 5.2595047449717525
0, 1698, 5.262388451490275
0, 1699, 5.260680135773336
0, 1700, 5.263422789017554
0, 1701, 5.260848929051493
0, 1702, 5.265603527807189
0, 1703, 5.263038995258581
0, 1704, 5.2700332936648415
0, 1705, 5.2713581932706965
0, 1706, 5.270251929611849
0, 1707, 5.27112643177249
0, 1708, 5.2685959910790086
0, 1709, 5.272933169834735
0, 1710, 5.2698630220824825
0, 1711, 5.277807087747524
0, 1712, 5.279226751499895
0, 1713, 5.280496902189291
0, 1714, 5.28104836842741
0, 1715, 5.28009543820098
0, 1716, 5.284542690172203
0, 1717, 5.281528265321781
0, 1718, 5.289581129326587
0, 1719, 5.290190474051538
0, 1720, 5.292310990644959
0, 1721, 5.290848333709566
0, 1722, 5.289941554154363
0, 1723, 5.292813595924616
0, 1724, 5.289189653754496
0, 1725, 5.296608632747008
0, 1726, 5.29683058862101
0, 1727, 5.300539641365741
0, 1728, 5.2984590228811
0, 1729, 5.299301803345528
0, 1730, 5.302122820625772
0, 1731, 5.299752397705262
0, 1732, 5.307343006270141
0, 1733, 5.308021179971899
0, 1734, 5.313076063419007
0, 1735, 5.309952195989445
0, 1736, 5.311365514167481
0, 1737, 5.312471973159802
0, 1738, 5.3099290275490345
0, 1739, 5.315726907224136
0, 1740, 5.315781047529783
0, 1741, 5.3211267786792416
0, 1742, 5.316971815939769
0, 1743, 5.31930401260005
0, 1744, 5.319638770819655
0, 1745, 5.318540166159011
0, 1746, 5.32394426650802
0, 1747, 5.325253419496545
0, 1748, 5.332004157129158
0, 1749, 5.328139567937876
0, 1750, 5.331662924215236
0, 1751, 5.331097136395034
0, 1752, 5.330787182153948
0, 1753, 5.334297503780066
0, 1754, 5.335450428120871
0, 1755, 5.341587944700669
0, 1756, 5.336830728686704
0, 1757, 5.340178330949769
0, 1758, 5.338181059070774
0, 1759, 5.3386849153169464
0, 1760, 5.340771881525038
0, 1761, 5.343044623429373
0, 1762, 5.349773613972031
0, 1763, 5.346110508952669
0, 1764, 5.350621062682772
0, 1765, 5.348691997420632
0, 1766, 5.350807547583111
0, 1767, 5.351719634211509
0, 1768, 5.354812416094355
0, 1769, 5.3608660394138985
0, 1770, 5.35727610246808
0, 1771, 5.361036432219077
0, 1772, 5.357780916568758
0, 1773, 5.359968120889426
0, 1774, 5.358745854557384
0, 1775, 5.362229753542575
0, 1776, 5.367555752825117
0, 1777, 5.365076584812062
0, 1778, 5.36905938188383
0, 1779, 5.366269858980605
0, 1780, 5.369990472505818
0, 1781, 5.3683102740116375
0, 1782, 5.373292328181158
0, 1783, 5.378363259765899
0, 1784, 5.377307868382404
0, 1785, 5.3807067300501235
0, 1786, 5.377618444736058
0, 1787, 5.3811644877526374
0, 1788, 5.377637518507024
0, 1789, 5.3823962781741574
0, 1790, 5.385805474211672
0, 1791, 5.385518545873448
0, 1792, 5.387864930568675
0, 1793, 5.385072917825346
0, 1794, 5.389095295918387
0, 1795, 5.385311969124961
0, 1796, 5.39125148769908
0, 1797, 5.39457855665777
0, 1798, 5.396547672256393
0, 1799, 5.398710163550932
0, 1800, 5.396958531204396
0, 1801, 5.40104988690716
0, 1802, 5.396679127802496
0, 1803, 5.402332352268957
0, 1804, 5.404100621575754
0, 1805, 5.406706384896987
0, 1806, 5.40711422592895
0, 1807, 5.405446489578522
0, 1808, 5.408687353748036
0, 1809, 5.403957035686576
0, 1810, 5.40958006614001
0, 1811, 5.41092671632119
0, 1812, 5.41550577665836
0, 1813, 5.415736161845659
0, 1814, 5.415832471312036
0, 1815, 5.419285214719185
0, 1816, 5.415413400099027
0, 1817, 5.4210117009012535
0, 1818, 5.421812506551286
0, 1819, 5.427302096578016
0, 1820, 5.426155905904827
0, 1821, 5.4265465261542465
0, 1822, 5.4284497696575515
0, 1823, 5.424351438848212
0, 1824, 5.428629044042964
0, 1825, 5.428581401831036
0, 1826, 5.434879341805752
0, 1827, 5.433154944419163
0, 1828, 5.434988071905527
0, 1829, 5.436685165645631
0, 1830, 5.43417956543281
0, 1831, 5.4383712741980705
0, 1832, 5.438864507347517
0, 1833, 5.446336395724166
0, 1834, 5.444383030398889
0, 1835, 5.447103563473858
0, 1836, 5.447571990384634
0, 1837, 5.445499643918379
0, 1838, 5.447838269324098
0, 1839, 5.4475578297034275
0, 1840, 5.4546056811583306
0, 1841, 5.451821849975722
0, 1842, 5.4549996074626765
0, 1843, 5.454528534855056
0, 1844, 5.453812900167173
0, 1845, 5.455404900075779
0, 1846, 5.456044464559235
0, 1847, 5.463892608087782
0, 1848, 5.4619341167326
0, 1849, 5.4663801840929995
0, 1850, 5.465598788756099
0, 1851, 5.466215965929993
0, 1852, 5.46639664047434
0, 1853, 5.467013277521378
0, 1854, 5.473874007124287
0, 1855, 5.471496016720433
0, 1856, 5.475527932538448
0, 1857, 5.473445694873776
0, 1858, 5.474673880316918
0, 1859, 5.4733074880703345
0, 1860, 5.474445440593689
0, 1861, 5.481005442852206
0, 1862, 5.479788385780113
0, 1863, 5.484673807382299
0, 1864, 5.482980900637193
0, 1865, 5.485956047437904
0, 1866, 5.484030143293153
0, 1867, 5.486082855746066
0, 1868, 5.491846766316735
0, 1869, 5.491261537074975
0, 1870, 5.4955200236903305
0, 1871, 5.493010208563598
0, 1872, 5.496028899279453
0, 1873, 5.492357866299332
0, 1874, 5.494302609272611
0, 1875, 5.498584399178309
0, 1876, 5.498867873408351
0, 1877, 5.5028782462686765
0, 1878, 5.50084367710037
0, 1879, 5.505065383510174
0, 1880, 5.501372447799977
0, 1881, 5.504566083587843
0, 1882, 5.508415693028764
0, 1883, 5.510377067513188
0, 1884, 5.5140890237734865
0, 1885, 5.5123933683019155
0, 1886, 5.516628142933739
0, 1887, 5.51194997064856
0, 1888, 5.514770639878922
0, 1889, 5.516684957907538
0, 1890, 5.519127101829714
0, 1891, 5.521543960826446
0, 1892, 5.52006383843312
0, 1893, 5.5242801802783665
0, 1894, 5.519626225700452
0, 1895, 5.5230743164522735
0, 1896, 5.524524892973172
0, 1897, 5.528895688312533
0, 1898, 5.5312632436795734
0, 1899, 5.531178932389843
0, 1900, 5.535634290678893
0, 1901, 5.531345191013437
0, 1902, 5.534654671846468
0, 1903, 5.534749094199037
0, 1904, 5.539562548837264
0, 1905, 5.5403845998707535
0, 1906, 5.540430601734737
0, 1907, 5.543777841872027
0, 1908, 5.539454460522264
0, 1909, 5.542248664034948
0, 1910, 5.541519406199963
0, 1911, 5.547499151067533
0, 1912, 5.5480559569069925
0, 1913, 5.549728508752768
0, 1914, 5.55321358028921
0, 1915, 5.550350424123446
0, 1916, 5.553282239367453
0, 1917, 5.552333528521766
0, 1918, 5.559018186813983
0, 1919, 5.558730696892395
0, 1920, 5.560890245670266
0, 1921, 5.56299609381923
0, 1922, 5.560380765650425
0, 1923, 5.56194879910055
0, 1924, 5.560013760298307
0, 1925, 5.5666181338520895
0, 1926, 5.5656469809688565
0, 1927, 5.568778591420317
0, 1928, 5.570427638370632
0, 1929, 5.569501779853626
0, 1930, 5.5709905156730075
0, 1931, 5.569679986204049
0, 1932, 5.577009550204812
0, 1933, 5.57627297029757
0, 1934, 5.580416738611248
0, 1935, 5.58127537637971
0, 1936, 5.581291758024194
0, 1937, 5.581410237899968
0, 1938, 5.5795537486115325
0, 1939, 5.585875897357225
0, 1940, 5.584400902821433
0, 1941, 5.588554423667891
0, 1942, 5.588331125560273
0, 1943, 5.589482965521057
0, 1944, 5.588849868622958
0, 1945, 5.587705556444158
0, 1946, 5.594096556684361
0, 1947, 5.593525366766912
0, 1948, 5.598756949894346
0, 1949, 5.598563901122989
0, 1950, 5.601302501374839
0, 1951, 5.599988493810265
0, 1952, 5.599220036249696
0, 1953, 5.6044481163294675
0, 1954, 5.603747463413191
0, 1955, 5.608403456442831
0, 1956, 5.607081124381498
0, 1957, 5.610197216034811
0, 1958, 5.60759414148201
0, 1959, 5.607096178138793
0, 1960, 5.6112992124522085
0, 1961, 5.611467645834191
0, 1962, 5.616497705653457
0, 1963, 5.615602499617243
0, 1964, 5.620270644235528
0, 1965, 5.617713675051231
0, 1966, 5.618364172100585
0, 1967, 5.6217835191893455
0, 1968, 5.62282629492992
0, 1969, 5.627341445174238
0, 1970, 5.626060288006967
0, 1971, 5.630716482254051
0, 1972, 5.627044781958562
0, 1973, 5.627563153172058
0, 1974, 5.629156904057813
0, 1975, 5.630650632892951
0, 1976, 5.6344515553384715
0, 1977, 5.633478684793431
0, 1978, 5.638810270701496
0, 1979, 5.6354548779554205
0, 1980, 5.637125435220432
0, 1981, 5.638217398400506
0, 1982, 5.641263912026204
0, 1983, 5.6448874223045795
0, 1984, 5.6446344533945965
0, 1985, 5.650035071411842
0, 1986, 5.646514562444246
0, 1987, 5.648082949829567
0, 1988, 5.64742334132726
0, 1989, 5.650636740832229
0, 1990, 5.6528217291128495
0, 1991, 5.652641610893535
0, 1992, 5.6575132033143225
0, 1993, 5.654212615428759
0, 1994, 5.656154375356141
0, 1995, 5.6548773287705805
0, 1996, 5.659443081622582
0, 1997, 5.66149873551108
0, 1998, 5.662736349004977
0, 1999, 5.667786490371632
0, 2000, 5.665490791414856
0, 2001, 5.667673530365153
0, 2002, 5.66555140881016
0, 2003, 5.67039148590278
0, 2004, 5.671147282276881
0, 2005, 5.672530806239514
0, 2006, 5.6762827191692615
0, 2007, 5.6741745229559175
0, 2008, 5.675761256087858
0, 2009, 5.672795860486151
0, 2010, 5.67802724736628
0, 2011, 5.678304704220509
0, 2012, 5.680945702512
0, 2013, 5.684561770365015
0, 2014, 5.684103304306764
0, 2015, 5.686067424062326
0, 2016, 5.683340545502628
0, 2017, 5.689081144960649
0, 2018, 5.688909247437694
0, 2019, 5.692136490254866
0, 2020, 5.694544682578601
0, 2021, 5.694619520846544
0, 2022, 5.69551649203409
0, 2023, 5.692083550197587
0, 2024, 5.6971528872215895
0, 2025, 5.696178371687434
0, 2026, 5.699868311572513
0, 2027, 5.701501961953622
0, 2028, 5.703034582933889
0, 2029, 5.703917157026012
0, 2030, 5.701292020460364
0, 2031, 5.706696279051551
0, 2032, 5.706152741289435
0, 2033, 5.710803401411775
0, 2034, 5.711927452455639
0, 2035, 5.7146007497321385
0, 2036, 5.714701902401339
0, 2037, 5.712050532003882
0, 2038, 5.716267501799488
0, 2039, 5.715088716611545
0, 2040, 5.719398292630615
0, 2041, 5.7193243058740855
0, 2042, 5.722727864034801
0, 2043, 5.722158526396186
0, 2044, 5.720210617477242
0, 2045, 5.724005376775608
0, 2046, 5.723586631305832
0, 2047, 5.72863643031533
0, 2048, 5.728690906273554
0, 2049, 5.733572244756259
0, 2050, 5.732902175187979
0, 2051, 5.731832202033461
0, 2052, 5.734623792305517
0, 2053, 5.73431563218659
0, 2054, 5.738735966596762
0, 2055, 5.737843634210977
0, 2056, 5.742785798517255
0, 2057, 5.741116968792038
0, 2058, 5.740346316374527
0, 2059, 5.7418240217045
0, 2060, 5.742044472397063
0, 2061, 5.746358090464487
0, 2062, 5.745749868858585
0, 2063, 5.7517698824326144
0, 2064, 5.750470141088655
0, 2065, 5.751076267861107
0, 2066, 5.751992895971671
0, 2067, 5.753199751185127
0, 2068, 5.757111013930859
0, 2069, 5.756443180174771
0, 2070, 5.762314252399545
0, 2071, 5.760398878343685
0, 2072, 5.761087626384202
0, 2073, 5.760316302073775
0, 2074, 5.7616754327277135
0, 2075, 5.7645475312807966
0, 2076, 5.763969494176845
0, 2077, 5.769887830468299
0, 2078, 5.7683540317867354
0, 2079, 5.77012907062285
0, 2080, 5.7689744937974226
0, 2081, 5.771664417083556
0, 2082, 5.774390612796028
0, 2083, 5.774704921930085
0, 2084, 5.780601069828086
0, 2085, 5.779394194648104
0, 2086, 5.781424277123821
0, 2087, 5.779041042230343
0, 2088, 5.781780916469657
0, 2089, 5.783094329639646
0, 2090, 5.783372423606136
0, 2091, 5.7882776661480415
0, 2092, 5.787258729008431
0, 2093, 5.789518482274988
0, 2094, 5.786615620065618
0, 2095, 5.790216808755499
0, 2096, 5.791268345763373
0, 2097, 5.792802734728365
0, 2098, 5.797658877619693
0, 2099, 5.7978481143085085
0, 2100, 5.800644220367839
0, 2101, 5.797518635623179
0, 2102, 5.801398600673874
0, 2103, 5.801462634643275
0, 2104, 5.8031911191512044
0, 2105, 5.806641805206903
0, 2106, 5.807023170087372
0, 2107, 5.8092479368918655
0, 2108, 5.805522359991297
0, 2109, 5.809320344951412
0, 2110, 5.808755403678503
0, 2111, 5.81134009230726
0, 2112, 5.8143074270070185
0, 2113, 5.816139151601715
0, 2114, 5.818821929646988
0, 2115, 5.815762179158656
0, 2116, 5.820006504962103
0, 2117, 5.819312188807521
0, 2118, 5.822550598224478
0, 2119, 5.8244759990977455
0, 2120, 5.826878831498643
0, 2121, 5.828769475287985
0, 2122, 5.825439364316005
0, 2123, 5.82882425798854
0, 2124, 5.827332681281772
0, 2125, 5.8306480878758515
0, 2126, 5.831530807049152
0, 2127, 5.834918762137903
0, 2128, 5.83671944739
0, 2129, 5.834351999091875
0, 2130, 5.837862003884342
0, 2131, 5.836884111866098
0, 2132, 5.841049328631998
0, 2133, 5.841592197551942
0, 2134, 5.846041247348301
0, 2135, 5.847443030848141
0, 2136, 5.84555585650121
0, 2137, 5.848041468287964
0, 2138, 5.846628315789819
0, 2139, 5.850296947004385
0, 2140, 5.849629575412546
0, 2141, 5.854319586802945
0, 2142, 5.85501421749467
0, 2143, 5.853852777711041
0, 2144, 5.855716756969852
0, 2145, 5.8549079572679465
0, 2146, 5.859003615450383
0, 2147, 5.8584514331761826
0, 2148, 5.864271934793642
0, 2149, 5.865110607390903
0, 2150, 5.86518115834237
0, 2151, 5.866378546217023
0, 2152, 5.865929283018112
0, 2153, 5.869483816086231
0, 2154, 5.86821726581273
0, 2155, 5.873784423983359
0, 2156, 5.873751194287783
0, 2157, 5.874183900986491
0, 2158, 5.874103045610377
0, 2159, 5.873966610280818
0, 2160, 5.877090956285168
0, 2161, 5.875953744857804
0, 2162, 5.882027650551007
0, 2163, 5.882349496821856
0, 2164, 5.884217840648076
0, 2165, 5.883855589690763
0, 2166, 5.884782258461506
0, 2167, 5.887650803744883
0, 2168, 5.886728749222657
0, 2169, 5.8925151382182035
0, 2170, 5.892465217615519
0, 2171, 5.894594528571431
0, 2172, 5.892900479914434
0, 2173, 5.89388155082449
0, 2174, 5.895604768498642
0, 2175, 5.894642721829438
0, 2176, 5.899922846659866
0, 2177, 5.900062914885637
0, 2178, 5.9031082823796535
0, 2179, 5.901196283352515
0, 2180, 5.903324321400607
0, 2181, 5.9049275899083415
0, 2182, 5.904940876772019
0, 2183, 5.910069711233005
0, 2184, 5.910697216267316
0, 2185, 5.914207317762735
0, 2186, 5.911616696611189
0, 2187, 5.9138636352737315
0, 2188, 5.914240458532781
0, 2189, 5.914231725810953
0, 2190, 5.91807829421779
0, 2191, 5.918684387092642
0, 2192, 5.922229268394469
0, 2193, 5.919277852521632
0, 2194, 5.922077278824545
0, 2195, 5.922112832029615
0, 2196, 5.92319251265525
0, 2197, 5.926756388689763
0, 2198, 5.928457556391598
0, 2199, 5.932610992303528
0, 2200, 5.929930111848924
0, 2201, 5.933129111118758
0, 2202, 5.932519225064226
0, 2203, 5.933930040378798
0, 2204, 5.936127287311561
0, 2205, 5.937894172836201
0, 2206, 5.94142891049465
0, 2207, 5.938404086136376
0, 2208, 5.941317701322273
0, 2209, 5.940041665507434
0, 2210, 5.942034006117379
0, 2211, 5.943489493073854
0, 2212, 5.94630857705549
0, 2213, 5.950162281317709
0, 2214, 5.948058183452013
0, 2215, 5.95143292441379
0, 2216, 5.950283715353574
0, 2217, 5.953031083521112
0, 2218, 5.953655177610708
0, 2219, 5.956965498582199
0, 2220, 5.960146379558149
0, 2221, 5.958124793432436
0, 2222, 5.960692131220324
0, 2223, 5.958862017421035
0, 2224, 5.961512047097889
0, 2225, 5.960988293806743
0, 2226, 5.964779037390024
0, 2227, 5.967629932032358
0, 2228, 5.966601765195196
0, 2229, 5.969199108090328
0, 2230, 5.967928115718645
0, 2231, 5.97136165260801
0, 2232, 5.970654661335411
0, 2233, 5.97533012969058
0, 2234, 5.977918456954676
0, 2235, 5.977702764266086
0, 2236, 5.9795508151728285
0, 2237, 5.9780948720493825
0, 2238, 5.981070019607734
0, 2239, 5.979290956282032
0, 2240, 5.983812205322341
0, 2241, 5.985522020514717
0, 2242, 5.98597263864102
0, 2243, 5.987141319070697
0, 2244, 5.9861881892009166
0, 2245, 5.989393569576344
0, 2246, 5.987743430081483
0, 2247, 5.993030958700036
0, 2248, 5.99485855173351
0, 2249, 5.996685875756221
0, 2250, 5.997502380712884
0, 2251, 5.99714459891424
0, 2252, 5.999995564296038
0, 2253, 5.997938699756721
0, 2254, 6.002796419543339
0, 2255, 6.003737363416365
0, 2256, 6.005909209126828
0, 2257, 6.005572914230325
0, 2258, 6.005432505362204
0, 2259, 6.0076980609692185
0, 2260, 6.005724730367826
0, 2261, 6.0106319983658025
0, 2262, 6.011707599530056
0, 2263, 6.015201234037973
0, 2264, 6.014785133872153
0, 2265, 6.015771960191242
0, 2266, 6.017940491671623
0, 2267, 6.016465675481385
0, 2268, 6.021053610317505
0, 2269, 6.021835019483378
0, 2270, 6.025653201112434
0, 2271, 6.024236438865216
0, 2272, 6.025303352137115
0, 2273, 6.026360000371929
0, 2274, 6.024864683227769
0, 2275, 6.0286055977560284
0, 2276, 6.029280316037474
0, 2277, 6.033733944616754
0, 2278, 6.032193197537577
0, 2279, 6.034280245463403
0, 2280, 6.035244481859724
0, 2281, 6.034826168583381
0, 2282, 6.0383661575708105
0, 2283, 6.039524829963467
0, 2284, 6.044490977387332
0, 2285, 6.042683083605427
0, 2286, 6.045035260845899
0, 2287, 6.045007113090682
0, 2288, 6.044712271470784
0, 2289, 6.04689940376317
0, 2290, 6.04780694542513
0, 2291, 6.052535669262243
0, 2292, 6.050452821361565
0, 2293, 6.053170196968074
0, 2294, 6.052754299222362
0, 2295, 6.053468254317961
0, 2296, 6.055247570703778
0, 2297, 6.057039936828094
0, 2298, 6.062265235815774
0, 2299, 6.060754109517002
0, 2300, 6.064010908120664
0, 2301, 6.063241651111496
0, 2302, 6.064498470276639
0, 2303, 6.065091946743938
0, 2304, 6.066848487478414
0, 2305, 6.071319804271601
0, 2306, 6.069617552830741
0, 2307, 6.0725053873726464
0, 2308, 6.071073644404275
0, 2309, 6.072782877293865
0, 2310, 6.072534202366865
0, 2311, 6.074970840790645
0, 2312, 6.07947108179186
0, 2313, 6.078777337946793
0, 2314, 6.08214487314494
0, 2315, 6.081022174172745
0, 2316, 6.08362670143765
0, 2317, 6.082813184716879
0, 2318, 6.085702787499834
0, 2319, 6.089523708199915
0, 2320, 6.089131113292832
0, 2321, 6.09179792471782
0, 2322, 6.090125813992092
0, 2323, 6.092600938039221
0, 2324, 6.090691064294632
0, 2325, 6.093693586672848
0, 2326, 6.096844376132179
0, 2327, 6.0973550923146345
0, 2328, 6.099967090646235
0, 2329, 6.098869915091812
0, 2330, 6.102106762340647
0, 2331, 6.100201738068872
0, 2332, 6.103974546318642
0, 2333, 6.10684040971084
0, 2334, 6.1083399940831615
0, 2335, 6.1104354140699675
0, 2336, 6.109383511064312
0, 2337, 6.112282432661819
0, 2338, 6.109546793707949
0, 2339, 6.112961243342196
0, 2340, 6.114713428347937
0, 2341, 6.116728207221468
0, 2342, 6.118079250665938
0, 2343, 6.117453925503659
0, 2344, 6.120451613592185
0, 2345, 6.117925760968716
0, 2346, 6.1218642581809934
0, 2347, 6.12357393375735
0, 2348, 6.126957322876038
0, 2349, 6.128158457172631
0, 2350, 6.128330488078048
0, 2351, 6.131161909690158
0, 2352, 6.128578195561683
0, 2353, 6.132086963764101
0, 2354, 6.132847878474584
0, 2355, 6.136477608464695
0, 2356, 6.136592828630569
0, 2357, 6.136934158171568
0, 2358, 6.139076783598519
0, 2359, 6.136628292483525
0, 2360, 6.139918053838454
0, 2361, 6.140537723305981
0, 2362, 6.145252407167306
0, 2363, 6.145361533142148
0, 2364, 6.146880691351801
0, 2365, 6.149036676526147
0, 2366, 6.147387400568148
0, 2367, 6.15045187711394
0, 2368, 6.150815045432662
0, 2369, 6.15582820618598
0, 2370, 6.155153935395657
0, 2371, 6.156817997934664
0, 2372, 6.157899015092974
0, 2373, 6.156343413786952
0, 2374, 6.158424225269655
0, 2375, 6.1584152283079625
0, 2376, 6.163699622824559
0, 2377, 6.1628773947536635
0, 2378, 6.165452939174305
0, 2379, 6.1664180586327015
0, 2380, 6.166078332686714
0, 2381, 6.168006195578418
0, 2382, 6.16846595597535
0, 2383, 6.1741960441915
0, 2384, 6.173367092004585
0, 2385, 6.176357073249994
0, 2386, 6.176508811392782
0, 2387, 6.176504410067243
0, 2388, 6.177162406528429
0, 2389, 6.177233050839826
0, 2390, 6.182396222573854
0, 2391, 6.181263669722313
0, 2392, 6.184454906818681
0, 2393, 6.1841308048212635
0, 2394, 6.185118224624371
0, 2395, 6.185347547091377
0, 2396, 6.186151548565015
0, 2397, 6.191584647414703
0, 2398, 6.191174273828761
0, 2399, 6.195011204838193
0, 2400, 6.194543405067412
0, 2401, 6.196319364232762
0, 2402, 6.195624927706131
0, 2403, 6.196417420166221
0, 2404, 6.200917913321942
0, 2405, 6.200368644012651
0, 2406, 6.20375625026113
0, 2407, 6.202593565202976
0, 2408, 6.204753703333117
0, 2409, 6.203220352513131
0, 2410, 6.204462653661604
0, 2411, 6.208624307702371
0, 2412, 6.209046534191236
0, 2413, 6.212875530298859
0, 2414, 6.212133017565049
0, 2415, 6.215331232035466
0, 2416, 6.213531557929585
0, 2417, 6.215317541832191
0, 2418, 6.218739790039356
0, 2419, 6.219594820461218
0, 2420, 6.222792460760531
0, 2421, 6.221602929814643
0, 2422, 6.224670700048816
0, 2423, 6.221902746893251
0, 2424, 6.223624460218412
0, 2425, 6.2260090877005005
0, 2426, 6.2275852973190755
0, 2427, 6.230572256815383
0, 2428, 6.2299354923827055
0, 2429, 6.233725120358086
0, 2430, 6.231179577684841
0, 2431, 6.233690067171626
0, 2432, 6.235713358850561
0, 2433, 6.238370047838345
0, 2434, 6.24098894618846
0, 2435, 6.240608746632395
0, 2436, 6.2441699533288695
0, 2437, 6.241085605855471
0, 2438, 6.243226177522734
0, 2439, 6.243920570310758
0, 2440, 6.246883635608321
0, 2441, 6.248607305772626
0, 2442, 6.24856684467643
0, 2443, 6.2520576624965
0, 2444, 6.2493078127611765
0, 2445, 6.251877365745927
0, 2446, 6.252355842948752
0, 2447, 6.2565925129882105
0, 2448, 6.258249901570002
0, 2449, 6.259193806909102
0, 2450, 6.2626504375202705
0, 2451, 6.260229673007472
0, 2452, 6.262524539120989
0, 2453, 6.262048563624155
0, 2454, 6.2664053538607805
0, 2455, 6.2669543803880465
0, 2456, 6.26802815594053
0, 2457, 6.270636223944962
0, 2458, 6.268449111329525
0, 2459, 6.270403905271417
0, 2460, 6.269568679405394
0, 2461, 6.2746986870629735
0, 2462, 6.275189015176877
0, 2463, 6.27747221036891
0, 2464, 6.280116571317292
0, 2465, 6.279062418747018
0, 2466, 6.280991226582747
0, 2467, 6.280017961795306
0, 2468, 0.002206185530983821
0, 2469, 0.0020452202676734072
0, 2470, 0.004552558417998631
0, 2471, 0.00609536267038689
0, 2472, 0.00529172253758679
0, 2473, 0.006220547015467196
0, 2474, 0.004730762395062547
0, 2475, 0.00996073651005908
0, 2476, 0.009511650505009014
0, 2477, 0.012786994153673762
0, 2478, 0.014090725337497192
0, 2479, 0.01465931686803133
0, 2480, 0.01555292490003436
0, 2481, 0.014625035483218553
0, 2482, 0.02018184412612382
0, 2483, 0.019902540863453395
0, 2484, 0.02373261145074003
0, 2485, 0.024341505478917367
0, 2486, 0.02549696487743477
0, 2487, 0.02529457826900073
0, 2488, 0.024012350716432408
0, 2489, 0.028664446710203413
0, 2490, 0.027973855057882916
0, 2491, 0.03179513304038962
0, 2492, 0.0317536473146437
0, 2493, 0.03387543325716477
0, 2494, 0.03327619859451334
0, 2495, 0.03272261904367615
0, 2496, 0.037365243164019485
0, 2497, 0.03746411673042606
0, 2498, 0.04197664925179839
0, 2499, 0.04194040594916957
0, 2500, 0.04510453370457324
0, 2501, 0.043905311589652926
0, 2502, 0.04355643417844597
0, 2503, 0.047111663430851276
0, 2504, 0.04709419093560434
0, 2505, 0.0510284795819611
0, 2506, 0.05021197546788488
0, 2507, 0.053654177783557785
0, 2508, 0.05165455042584315
0, 2509, 0.05169523161398802
0, 2510, 0.0545279968883601
0, 2511, 0.05537007423654064
0, 2512, 0.05959843339078708
0, 2513, 0.059251794049209654
0, 2514, 0.06381886958374368
0, 2515, 0.061888344283471064
0, 2516, 0.06273968563827076
0, 2517, 0.06480724733466615
0, 2518, 0.06621175218444064
0, 2519, 0.06982541243729654
0, 2520, 0.0691282203476537
0, 2521, 0.07351403501436543
0, 2522, 0.07077791357524511
0, 2523, 0.07156307210470975
0, 2524, 0.07227050863942286
0, 2525, 0.07416488022546783
0, 2526, 0.07728727051374812
0, 2527, 0.07706475116356572
0, 2528, 0.08201130143035076
0, 2529, 0.07972955646965431
0, 2530, 0.08146148748380713
0, 2531, 0.0817769748775483
0, 2532, 0.08482630540843543
0, 2533, 0.08765130988802285
0, 2534, 0.08791065286517266
0, 2535, 0.09267005710616055
0, 2536, 0.09019134005530076
0, 2537, 0.09170781494590521
0, 2538, 0.0905913799575792
0, 2539, 0.09373582140349958
0, 2540, 0.095416315950211
0, 2541, 0.09589074588360143
0, 2542, 0.10025859537928387
0, 2543, 0.0982299550664415
0, 2544, 0.10017772505642883
0, 2545, 0.09875375093487117
0, 2546, 0.10303207446173615
0, 2547, 0.10462532878505404
0, 2548, 0.10625745834920487
0, 2549, 0.11061200156291343
0, 2550, 0.10934455997344028
0, 2551, 0.11130227156207179
0, 2552, 0.1090801946272099
0, 2553, 0.11338916826848186
0, 2554, 0.11380741211617539
0, 2555, 0.11552631086456015
0, 2556, 0.11874160998338688
0, 2557, 0.11778451241742009
0, 2558, 0.11933945745662661
0, 2559, 0.1166678276549308
0, 2560, 0.12139061411260106
0, 2561, 0.12158955731482317
0, 2562, 0.12448206189959567
0, 2563, 0.1276009217126507
0, 2564, 0.12809874799593476
0, 2565, 0.12988950990098047
0, 2566, 0.12737589279640674
0, 2567, 0.1323141551188187
0, 2568, 0.13198544895298603
0, 2569, 0.13519361752836545
0, 2570, 0.13710665277508471
0, 2571, 0.13800335470423397
0, 2572, 0.13882502394553456
0, 2573, 0.1358310203542474
0, 2574, 0.140204587738256
0, 2575, 0.13937824471599183
0, 2576, 0.14311603468181242
0, 2577, 0.14451268709509785
0, 2578, 0.14684785807291822
0, 2579, 0.14775289345324755
0, 2580, 0.1455877955298523
0, 2581, 0.15016515289102658
0, 2582, 0.14967537455289076
0, 2583, 0.15408121835422584
0, 2584, 0.15485748050542933
0, 2585, 0.15801482598972152
0, 2586, 0.15805134634260612
0, 2587, 0.15579312013864327
0, 2588, 0.1591863234718159
0, 2589, 0.15817895218114308
0, 2590, 0.16228583625160753
0, 2591, 0.1621317646771519
0, 2592, 0.16607928311437717
0, 2593, 0.1657102491328113
0, 2594, 0.16432950945409608
0, 2595, 0.16742622055148526
0, 2596, 0.16724476728992918
0, 2597, 0.17198770011228554
0, 2598, 0.17193377605831092
0, 2599, 0.17708359532703377
0, 2600, 0.17647603966502878
0, 2601, 0.1757430538119057
0, 2602, 0.17770380794358517
0, 2603, 0.17749866649852405
0, 2604, 0.18149956234329193
0, 2605, 0.18056150469680665
0, 2606, 0.18573035815452196
0, 2607, 0.18432099768353583
0, 2608, 0.18405086098403162
0, 2609, 0.18494568011737195
0, 2610, 0.1854586908824775
0, 2611, 0.18946659254055453
0, 2612, 0.18897440115197048
0, 2613, 0.1951515976476763
0, 2614, 0.19412949402791338
0, 2615, 0.19509692478795712
0, 2616, 0.19532058816958323
0, 2617, 0.19660470456970078
0, 2618, 0.19999946351519005
0, 2619, 0.19930400689883598
0, 2620, 0.20512705941836873
0, 2621, 0.20346432932534136
0, 2622, 0.20449432318960187
0, 2623, 0.20316195423583122
0, 2624, 0.20471729322825685
0, 2625, 0.20723072337641135
0, 2626, 0.20686620023571578
0, 2627, 0.21282705019436407
0, 2628, 0.2117636116948935
0, 2629, 0.21395522089872182
0, 2630, 0.21232480759906275
0, 2631, 0.21513822559703824
0, 2632, 0.21738664145467954
0, 2633, 0.21777327839716634
0, 2634, 0.22346286321972267
0, 2635, 0.22256847887617726
0, 2636, 0.22482237365900803
0, 2637, 0.22187866533591574
0, 2638, 0.22465835184691424
0, 2639, 0.225495495632622
0, 2640, 0.22595817962883097
0, 2641, 0.23070993035650844
0, 2642, 0.23025044014796106
0, 2643, 0.23290829708313052
0, 2644, 0.22970622253877546
0, 2645, 0.23346088755875233
0, 2646, 0.23412772529884343
0, 2647, 0.23589349333787948
0, 2648, 0.24047928622406264
0, 2649, 0.24116820659116028
0, 2650, 0.2441775709623465
0, 2651, 0.2405982935572867
0, 2652, 0.24440867468926053
0, 2653, 0.24391008756394567
0, 2654, 0.2457703320777584
0, 2655, 0.24881236753060393
0, 2656, 0.24976963083082612
0, 2657, 0.25225621921741354
0, 2658, 0.24831092464724444
0, 2659, 0.2521668368876986
0, 2660, 0.2512526807898678
0, 2661, 0.254166929663687
0, 2662, 0.2567917567308985
0, 2663, 0.259354434701182
0, 2664, 0.26228499529432403
0, 2665, 0.2590294680534521
0, 2666, 0.26315841042184906
0, 2667, 0.26195201655247013
0, 2668, 0.2653375692608579
0, 2669, 0.26664910068249886
0, 2670, 0.26967721907831466
0, 2671, 0.271646268626511
0, 2672, 0.26817016546651223
0, 2673, 0.27137825487819256
0, 2674, 0.26950656229269754
0, 2675, 0.2731070890725126
0, 2676, 0.27349796639659724
0, 2677, 0.2777595485544086
0, 2678, 0.2797772820533941
0, 2679, 0.2775474291162711
0, 2680, 0.28087160027967356
0, 2681, 0.2795779771203526
0, 2682, 0.2839529186378599
0, 2683, 0.2838264215751021
0, 2684, 0.2890293811972636
0, 2685, 0.2903992503959216
0, 2686, 0.2885833161870755
0, 2687, 0.29060260212464967
0, 2688, 0.2888263098505968
0, 2689, 0.2926093560442618
0, 2690, 0.29127204078958324
0, 2691, 0.2968169783434896
0, 2692, 0.2975909731953887
0, 2693, 0.29686592712288595
0, 2694, 0.29833759362471174
0, 2695, 0.29745335436376147
0, 2696, 0.3017326969350147
0, 2697, 0.30059624572897725
0, 2698, 0.30727511264887586
0, 2699, 0.3081025191559656
0, 2700, 0.3086424290901291
0, 2701, 0.3091331334474822
0, 2702, 0.30850832967891345
0, 2703, 0.3119559177565656
0, 2704, 0.3099644471008225
0, 2705, 0.3162212556528795
0, 2706, 0.3161189161609706
0, 2707, 0.3172189497414979
0, 2708, 0.31640319344527834
0, 2709, 0.31638423775461433
0, 2710, 0.31946556729149245
0, 2711, 0.3178912004487604
0, 2712, 0.3247286221152018
0, 2713, 0.32515157132221456
0, 2714, 0.32792433026709766
0, 2715, 0.32671357917845884
0, 2716, 0.32781447155178217
0, 2717, 0.33036504522422216
0, 2718, 0.32891670265759293
0, 2719, 0.3351292659344044
0, 2720, 0.33502541219143356
0, 2721, 0.33801803976057143
0, 2722, 0.33526849809323217
0, 2723, 0.33651074604002834
0, 2724, 0.3377924028098788
0, 2725, 0.3365650030979327
0, 2726, 0.34222307968926485
0, 2727, 0.34260866527487005
0, 2728, 0.3468166540201512
0, 2729, 0.34400205012820595
0, 2730, 0.34664284688656527
0, 2731, 0.3477230097575508
0, 2732, 0.34763005044832324
0, 2733, 0.3528374400145413
0, 2734, 0.3536885083567427
0, 2735, 0.35822620886740286
0, 2736, 0.3545077660194555
0, 2737, 0.3571446282784828
0, 2738, 0.3566755294598719
0, 2739, 0.3566309243968455
0, 2740, 0.3602405711943179
0, 2741, 0.36126725251668806
0, 2742, 0.36593729182251394
0, 2743, 0.3621241365644721
0, 2744, 0.3655545531595711
0, 2745, 0.3648369687074613
0, 2746, 0.3662487270734491
0, 2747, 0.36942541249605393
0, 2748, 0.37179278061872123
0, 2749, 0.377014921122979
0, 2750, 0.3735106340641357
0, 2751, 0.377183401592189
0, 2752, 0.3755205250935564
0, 2753, 0.3772075693832417
0, 2754, 0.37851464356474773
0, 2755, 0.3809545912066148
0, 2756, 0.3853276788436772
0, 2757, 0.38167205687947514
0, 2758, 0.38503468267974816
0, 2759, 0.38280601267499464
0, 2760, 0.38538977960899734
0, 2761, 0.3858945928781162
0, 2762, 0.38977066996432674
0, 2763, 0.3944985023995691
0, 2764, 0.39218587670393096
0, 2765, 0.39595650404913185
0, 2766, 0.3938520591388008
0, 2767, 0.3971910770523393
0, 2768, 0.39645692774352875
0, 2769, 0.40076740925999776
0, 2770, 0.40440911718054035
0, 2771, 0.40229556661700255
0, 2772, 0.4049050279194508
0, 2773, 0.4021081915176193
0, 2774, 0.40535686867269133
0, 2775, 0.4033625732369729
0, 2776, 0.4083759766363355
0, 2777, 0.41166927523765184
0, 2778, 0.41116378705236595
0, 2779, 0.4138014123398868
0, 2780, 0.4119119123433055
0, 2781, 0.41605027527144794
0, 2782, 0.41381546768716226
0, 2783, 0.4197401678730929
0, 2784, 0.4224685171801694
0, 2785, 0.42299266297093346
0, 2786, 0.42440575068241604
0, 2787, 0.4222996328793128
0, 2788, 0.42566254261716
0, 2789, 0.42216368211329974
0, 2790, 0.42778953857982577
0, 2791, 0.42943790054449504
0, 2792, 0.43109654089080957
0, 2793, 0.43171490269294416
0, 2794, 0.43058614795292277
0, 2795, 0.4342365467749714
0, 2796, 0.4311664791082937
0, 2797, 0.4376267997697204
0, 2798, 0.4393852375129107
0, 2799, 0.4428417739008264
0, 2800, 0.4428206070390086
0, 2801, 0.44245148110890836
0, 2802, 0.44533843313607474
0, 2803, 0.44177563727967045
0, 2804, 0.44735983868775
0, 2805, 0.44791715214771705
0, 2806, 0.45185095500588524
0, 2807, 0.45037555238401034
0, 2808, 0.45052882242376874
0, 2809, 0.45263998040787345
0, 2810, 0.4495829100025745
0, 2811, 0.4551165416694968
0, 2812, 0.4560223965058918
0, 2813, 0.4617374497924914
0, 2814, 0.4602335101050366
0, 2815, 0.4619359461688207
0, 2816, 0.46370357809188706
0, 2817, 0.46139824226053483
0, 2818, 0.46611653180303186
0, 2819, 0.4665618930895298
0, 2820, 0.47249173578294446
0, 2821, 0.46966820006756266
0, 2822, 0.47148361085696205
0, 2823, 0.47168057976472644
0, 2824, 0.4696473730233276
0, 2825, 0.47307760185955017
0, 2826, 0.47361557730411585
0, 2827, 0.4803498303632906
0, 2828, 0.47768469652318823
0, 2829, 0.4809672381353004
0, 2830, 0.48104340041871274
0, 2831, 0.48066797842242887
0, 2832, 0.4835433578257229
0, 2833, 0.48474914500211236
0, 2834, 0.49184570861669047
0, 2835, 0.48890127704440023
0, 2836, 0.4923566967968895
0, 2837, 0.4909652783768177
0, 2838, 0.4908435907873394
0, 2839, 0.4916563807949465
0, 2840, 0.4926407809627157
0, 2841, 0.4991831347929375
0, 2842, 0.4962648338484063
0, 2843, 0.5002190544586584
0, 2844, 0.49849900190532703
0, 2845, 0.49998413545097986
0, 2846, 0.5001811970613103
0, 2847, 0.5024962006587466
0, 2848, 0.5094092904712229
0, 2849, 0.5075438509481535
0, 2850, 0.5120000783995503
0, 2851, 0.5097946941871981
0, 2852, 0.5119559595915232
0, 2853, 0.5103267173090632
0, 2854, 0.5125448072846454
0, 2855, 0.5180331490335001
0, 2856, 0.5162156160551489
0, 2857, 0.5199758824058098
0, 2858, 0.5171184289372044
0, 2859, 0.5199774450083082
0, 2860, 0.5173298043264284
0, 2861, 0.5205937128512184
0, 2862, 0.5258918583613238
0, 2863, 0.5258819374181769
0, 2864, 0.5301182848938607
0, 2865, 0.5279265321658905
